PersianBlue=[0.109804,0.223529,0.733333];
MediumPersianBlue=[0,0.403922,0.647059];
PersianIndigo=[0.196078,0.0705882,0.478431];
PersianPink=[0.968627,0.498039,0.745098];
PersianRose=[0.996078,0.156863,0.635294];
PersianRed=[0.8,0.2,0.2];
PersianGreen=[0,0.65098,0.576471];
PersianOrange=[0.85098,0.564706,0.345098];
PersianPlum=[0.439216,0.109804,0.109804];
